[NOEUDS]
1	10	10
2	20	10
3	30	10
4	50	10
5	60	10
6	80	10
7	100	10
8	20	20
9	40	20
10	70	20
11	90	20
12	100	20
13	10	30
14	40	30
15	70	30
16	100	30
17	10	40
18	30	40
19	50	40
20	60	40
21	70	40
22	80	40
23	100	40
24	20	50
25	30	50
26	50	50
27	60	50
28	90	50
29	10	60
30	30	60
31	50	60
32	80	60
33	40	70
34	50	70
35	70	70
36	80	70
37	100	70
38	10	80
39	30	80
40	40	80
41	60	80
42	90	80
43	100	80
44	20	90
45	70	90
46	90	90
47	10	100
48	20	100
49	40	100
50	50	100
51	60	100
52	80	100
53	100	100
,
[REGIONS]
1	1	2	3	8	13
2	4	5	9	10	14	15
3	6	7	11	12	16
4	17	18	24	25	29	30
5	19	20	21	26	27	31	33	34	35
6	22	23	28	32	36	37
7	38	39	44	47	48
8	40	41	45	49	50	51
9	42	43	46	52	53
,
[ARETES]
1	2	3	4	5	6	7
8	9	10	11	12
13	14	15	16
17	18	19	20	21	22	23
24	25	26	27	28
29	30	31	32
33	34	35	36	37
38	39	40	41	42	43
44	45	46
47	48	49	50	51	52	53
1	13	17	29	38	47
2	8	24	44	48
3	18	25	30	39
9	14	33	40	49
4	19	26	31	34	50
5	20	27	41	51
10	15	21	35	45
6	22	32	36	52
11	28	42	46
7	12	16	23	37	43	53
1	8	26	35	46	53
2	14	19	27	36	42
3	9	20	32
4	15	22	28
5	10
6	11	16
13	25	34	41	45	52
17	24	30	33
21	37
18	31
29	39	50
38	44
3	8	13
4	9
5	14	18	24	29
6	10	19	30	38
7	11	21	27	31	33	39	44	47
12	22	34	40	48
15	20	26
23	28	32	35	41	49
37	42
43	46	52
45	51
,
[BONUS]
2	3
19	26
34	40
52	53
24	44
10	6